OPERATOR_PVKEY=3030020100300706052b8104000a042204207ca0aa2d88c7fbabb5ae4f6ed2d2672a07fec14f076309be968dc35a9f7e1b28
OPERATOR_ID=0.0.6283141
TREASURY_PVKEY=302e020100300506032b6570042204204b7a717128838c016055c65ea5edcdbe60a09dfc5dff1b2e552f34492940baea
TREASURY_ID=0.0.6861612
ALICE_PVKEY=3030020100300706052b8104000a042204203c93c15321ec796c8f091aca69893725998e5757c28eb13303fee5546176f7c1
ALICE_ID=0.0.7133662