NEXT_PUBLIC_API_KEY=VF.DM.658e044ad7bebc00071bbd11.IB2dwz97FYiDcAFH
NEXT_PUBLIC_USER_ID=11
NEXT_PUBLIC_VERSION_ID=658df316ba0264c210ba3b7f


NEXT_PUBLIC_TREASURY_ID=0.0.6291985
NEXT_PUBLIC_TREASURY_PVKEY=3030020100300706052b8104000a042204206a74f220852f981fa44e0aa779196da4fb93414d6ab0eb25eb6fde260a5a30c6

NEXT_PUBLIC_KUZEY_ID=0.0.6290878
NEXT_PUBLIC_KUZEY_PVKEY=3030020100300706052b8104000a04220420d765f656a10df2435e8a7b3bf133503f183287acd45fdedf5344ae88fbee3e63

NEXT_PUBLIC_CAESAR_ID=0.0.7133662
NEXT_PUBLIC_CAESAR_PVKEY=3030020100300706052b8104000a042204203c93c15321ec796c8f091aca69893725998e5757c28eb13303fee5546176f7c1

NEXT_PUBLIC_MARSHAL_ID=0.0.6283141
NEXT_PUBLIC_MARSHAL_PVKEY=3030020100300706052b8104000a042204207ca0aa2d88c7fbabb5ae4f6ed2d2672a07fec14f076309be968dc35a9f7e1b28